PEDESTRIAN 0 0 -2.38 0 296.0 0 494.0 1.91 0.6 0.65 -7.82 1.27 9.78 -3.06 
PEDESTRIAN 0 0 -2.42 0 315.0 0 469.0 1.66 0.6 0.65 -8.02 1.41 11.05 -3.05 
PEDESTRIAN 0 0 -2.39 0 292.0 0 477.0 1.92 0.6 0.65 -8.67 1.25 10.5 -3.08 
PEDESTRIAN 0 0 -1.78 0 299.0 0 463.0 1.8 0.6 0.65 -10.07 1.3 11.31 -2.5 
PEDESTRIAN 0 0 2.46 0 314.0 0 497.0 1.7 0.6 0.65 -10.4 1.35 9.58 1.64 
PEDESTRIAN 0 0 2.47 0 301.0 0 499.0 1.82 0.6 0.65 -9.69 1.26 9.4 1.67 
PEDESTRIAN 0 0 2.54 0 310.0 0 513 1.78 0.6 0.65 -9.97 1.28 8.44 1.67 
PEDESTRIAN 0 0 1.37 430.0 264.0 447.0 300.0 1.88 0.77 0.65 10.85 0.86 51.73 1.58 
PEDESTRIAN 0 0 1.48 505.0 266.0 523.0 304.0 1.76 0.72 0.75 13.02 0.9 45.37 1.76 
PEDESTRIAN 0 0 -1.7 473.0 265.0 491.0 304.0 1.87 0.73 0.65 12.0 0.9 47.21 -1.45 
Car 0 0 -1.61 356.0 267.0 393.0 298.0 1.8 2.05 4.08 8.6 1.01 60.09 -1.47 
Car 0 0 1.6 265.0 270.0 289.0 289.0 1.62 2.14 4.08 3.93 1.25 89.13 1.65 
PEDESTRIAN 0 0 0.84 0 317.0 0 453.0 1.59 0.77 0.65 -11.76 1.46 12.09 0.07 
Car 0 0 1.56 287.0 267.0 300.0 282.0 2.16 1.88 5.01 8.64 1.31 143.16 1.62 
Car 0 0 -1.59 297.0 273.0 342.0 311.0 1.49 1.74 4.08 3.53 1.05 40.77 -1.5 
ON_ROAD_OBSTACLE 0 0 1.72 158.0 279.0 193.0 306.0 1.52 1.91 0.77 -3.44 1.56 56.65 1.65 
Car 0 0 -1.61 345.0 268.0 382.0 296.0 1.8 2.3 4.08 8.7 1.05 65.66 -1.48 
Car 0 0 -1.56 298.0 268.0 319.0 286.0 1.8 2.06 4.08 7.54 1.13 99.29 -1.48 
Car 0 0 -1.55 303.0 270.0 317.0 280.0 1.8 2.3 5.55 13.78 1.71 177.27 -1.47 
Car 0 0 -1.57 322.0 270.0 335.0 283.0 1.8 1.74 5.27 13.37 1.46 138.44 -1.47 
PEDESTRIAN 0 0 1.99 0 277.0 0 367.0 2.0 0.76 0.76 -8.11 1.25 22.02 1.64 
PEDESTRIAN 0 0 1.49 436.0 260.0 451.0 293.0 2.0 0.75 0.87 12.55 0.64 58.43 1.7 
PEDESTRIAN 0 0 1.47 423.0 261.0 438.0 294.0 1.97 0.76 0.65 11.77 0.68 58.44 1.67 
PEDESTRIAN 0 0 -1.64 392.0 265.0 402.0 291.0 1.85 0.64 0.65 11.38 0.85 68.05 -1.47 
PEDESTRIAN 0 0 1.5 392.0 263.0 408.0 293.0 1.95 0.94 1.02 10.91 0.82 64.08 1.67 
PEDESTRIAN 0 0 1.42 421.0 261.0 432.0 289.0 2.0 0.71 0.65 13.96 0.68 70.77 1.61 
PEDESTRIAN 0 0 1.44 419.0 263.0 431.0 288.0 1.86 0.73 0.84 14.24 0.75 72.67 1.63 
PEDESTRIAN 0 0 -1.69 409.0 264.0 422.0 289.0 1.83 0.81 0.95 13.51 0.8 72.75 -1.51 
PEDESTRIAN 0 0 1.86 0 282.0 0 357.0 1.86 0.6 0.65 -6.49 1.34 24.43 1.6 
PEDESTRIAN 0 0 1.41 415.0 264.0 429.0 288.0 1.84 0.88 1.05 14.22 0.77 73.84 1.61 
PEDESTRIAN 0 0 1.44 410.0 263.0 425.0 288.0 1.87 1.0 0.93 14.15 0.76 75.13 1.62 
PEDESTRIAN 0 0 1.47 402.0 264.0 413.0 286.0 1.87 0.77 1.05 14.59 0.78 82.1 1.65 
PEDESTRIAN 0 0 1.45 401.0 263.0 409.0 285.0 1.94 0.6 1.05 14.89 0.7 84.89 1.63 
PEDESTRIAN 0 0 -0.11 394.0 266.0 407.0 285.0 1.68 1.0 1.05 14.84 0.86 87.03 0.06 
PEDESTRIAN 0 0 -1.7 397.0 264.0 406.0 284.0 1.9 0.71 1.05 15.46 0.74 89.95 -1.53 
PEDESTRIAN 0 0 -3.18 330.0 267.0 340.0 286.0 2.0 1.0 1.05 10.86 1.15 105.35 -3.08 
PEDESTRIAN 0 0 -0.05 336.0 267.0 347.0 285.0 2.0 1.0 1.05 11.72 1.13 106.61 0.06 
PEDESTRIAN 0 0 2.49 0 322.0 0 513 1.69 0.6 0.65 -9.36 1.32 7.92 1.62 
Car 0 0 1.65 254.0 269.0 287.0 296.0 1.75 1.91 4.31 2.49 1.09 66.5 1.68 
PEDESTRIAN 0 0 -1.82 549.0 261.0 568.0 305.0 1.94 0.6 0.65 14.18 0.74 42.6 -1.5 
Car 0 0 -2.4 615 276.0 615 513 1.66 1.74 4.08 4.45 0.9 3.77 -1.53 
Car 0 0 -1.98 568.0 275.0 615 505.0 1.6 1.74 4.08 4.58 0.92 9.06 -1.51 
Car 0 0 -1.83 477.0 278.0 615 404.0 1.51 1.75 4.08 4.81 0.97 14.19 -1.5 
Car 0 0 -1.77 427.0 266.0 554.0 361.0 1.8 1.8 4.08 5.26 0.91 20.55 -1.51 
Car 0 0 -1.74 406.0 273.0 495.0 335.0 1.56 1.74 4.08 5.95 1.0 27.24 -1.53 
PEDESTRIAN 0 0 1.09 615 249.0 615 408.0 1.73 0.6 0.65 6.77 0.69 10.96 1.64 
PEDESTRIAN 0 0 -1.32 34.0 276.0 54.0 326.0 1.92 0.61 0.65 -7.46 1.37 38.12 -1.51 
PEDESTRIAN 0 0 -1.36 50.0 276.0 69.0 326.0 1.93 0.6 0.65 -6.91 1.38 38.47 -1.54 
PEDESTRIAN 0 0 2.29 0 304.0 0 444.0 1.73 0.6 0.65 -9.49 1.37 12.51 1.64 
Car 0 0 2.67 0 328.0 0 513 1.66 1.76 4.46 -6.19 1.22 3.87 1.66 
Car 0 0 2.12 0 284.0 0 513 1.8 1.94 4.76 -5.37 1.14 10.16 1.63 
Car 0 0 1.9 0 296.0 17.0 409.0 1.5 1.74 4.12 -5.02 1.33 16.29 1.6 
Car 0 0 1.84 0 290.0 67.0 371.0 1.55 1.74 4.08 -5.13 1.4 22.22 1.61 
Car 0 0 1.81 28.0 277.0 122.0 347.0 1.8 1.74 4.08 -4.52 1.27 28.21 1.66 
Car 0 0 1.77 86.0 278.0 156.0 329.0 1.71 1.74 4.08 -4.11 1.33 35.88 1.66 
Car 0 0 1.66 189.0 270.0 250.0 317.0 1.69 2.03 4.11 -0.52 1.04 38.03 1.64 
Car 0 0 1.69 92.0 282.0 218.0 369.0 1.44 1.91 4.53 -1.44 1.08 19.35 1.62 
Car 0 0 -1.6 288.0 270.0 371.0 334.0 1.62 2.15 4.08 2.59 0.95 27.29 -1.51 
Car 0 0 1.61 232.0 268.0 272.0 301.0 1.8 2.16 4.29 1.06 1.04 56.6 1.63 
PEDESTRIAN 0 0 -2.0 615 243.0 615 355.0 1.82 0.63 0.65 8.93 0.54 16.13 -1.49 
PEDESTRIAN 0 0 -1.97 615 245.0 615 350.0 1.88 0.6 0.65 8.9 0.58 17.78 -1.5 
PEDESTRIAN 0 0 -1.81 531.0 256.0 559.0 324.0 1.88 0.6 0.65 8.72 0.67 27.3 -1.5 
PEDESTRIAN 0 0 -1.75 522.0 258.0 548.0 322.0 1.82 0.6 0.65 8.72 0.7 28.27 -1.46 
Car 0 0 -1.63 218.0 249.0 589.0 513 1.74 2.3 4.08 1.23 0.78 8.18 -1.48 
PEDESTRIAN 0 0 -1.52 215.0 263.0 346.0 495.0 1.69 0.94 0.9 0.38 0.83 7.58 -1.47 
PEDESTRIAN 0 0 1.31 550.0 249.0 582.0 321.0 2.0 0.69 0.65 9.39 0.53 27.55 1.64 
PEDESTRIAN 0 0 1.26 583.0 264.0 613.0 319.0 1.52 0.6 0.65 10.18 0.72 27.3 1.62 
PEDESTRIAN 0 0 1.34 530.0 269.0 556.0 319.0 1.5 0.6 0.65 9.36 0.85 29.52 1.65 
PEDESTRIAN 0 0 -0.24 569.0 257.0 594.0 313.0 1.86 0.6 0.65 11.77 0.64 32.99 0.1 
PEDESTRIAN 0 0 -0.16 565.0 263.0 589.0 313.0 1.67 0.6 0.65 11.44 0.74 32.47 0.18 
PEDESTRIAN 0 0 -1.47 149.0 270.0 169.0 308.0 2.0 0.96 0.79 -4.0 1.22 51.81 -1.55 
PEDESTRIAN 0 0 1.31 550.0 267.0 576.0 316.0 1.5 0.6 0.65 10.18 0.78 30.18 1.64 
PEDESTRIAN 0 0 1.35 526.0 265.0 552.0 317.0 1.59 0.62 0.65 9.44 0.76 30.16 1.65 
