PEDESTRIAN 0 0 -2.38 0 295.0 0 493.0 1.91 0.6 0.65 -7.83 1.26 9.78 -3.06 
PEDESTRIAN 0 0 -2.42 0 315.0 0 469.0 1.66 0.6 0.65 -8.02 1.41 11.06 -3.05 
PEDESTRIAN 0 0 -2.39 0 291.0 0 475.0 1.92 0.6 0.65 -8.64 1.24 10.56 -3.08 
PEDESTRIAN 0 0 -1.83 0 298.0 0 459.0 1.8 0.6 0.65 -10.22 1.29 11.46 -2.56 
PEDESTRIAN 0 0 2.47 0 315.0 0 504.0 1.7 0.6 0.65 -10.3 1.33 9.25 1.64 
PEDESTRIAN 0 0 2.49 0 301.0 0 505.0 1.82 0.6 0.65 -9.66 1.25 9.11 1.67 
PEDESTRIAN 0 0 2.54 0 308.0 0 513 1.78 0.6 0.65 -9.83 1.27 8.29 1.67 
PEDESTRIAN 0 0 1.38 431.0 265.0 448.0 301.0 1.88 0.77 0.65 10.88 0.91 51.72 1.59 
PEDESTRIAN 0 0 1.51 510.0 267.0 528.0 306.0 1.76 0.72 0.75 13.13 0.94 44.92 1.8 
PEDESTRIAN 0 0 1.64 436.0 264.0 452.0 304.0 1.93 0.69 0.65 10.18 0.9 47.23 1.85 
PEDESTRIAN 0 0 -1.69 471.0 266.0 489.0 305.0 1.87 0.73 0.65 11.99 0.95 47.55 -1.44 
Car 0 0 -1.61 356.0 268.0 392.0 299.0 1.8 2.05 4.08 8.57 1.06 60.03 -1.47 
Car 0 0 1.6 264.0 271.0 289.0 290.0 1.62 2.14 4.08 3.78 1.3 87.07 1.65 
PEDESTRIAN 0 0 0.85 0 317.0 0 452.0 1.59 0.77 0.65 -11.96 1.45 12.1 0.07 
Car 0 0 1.56 287.0 268.0 300.0 283.0 2.16 1.88 5.01 8.49 1.38 140.44 1.62 
Car 0 0 -1.56 277.0 273.0 319.0 309.0 1.49 1.74 4.08 2.8 1.07 42.61 -1.5 
ON_ROAD_OBSTACLE 0 0 1.71 158.0 280.0 193.0 307.0 1.52 1.91 0.77 -3.42 1.59 56.68 1.65 
Car 0 0 -1.61 346.0 269.0 383.0 297.0 1.8 2.3 4.08 8.71 1.11 65.72 -1.48 
Car 0 0 -1.63 348.0 269.0 376.0 295.0 1.8 1.74 4.23 9.15 1.14 69.82 -1.49 
Car 0 0 -1.55 303.0 271.0 316.0 281.0 1.8 2.3 5.55 13.87 1.87 179.08 -1.47 
Car 0 0 1.58 291.0 272.0 302.0 280.0 1.8 2.3 4.08 13.55 2.19 211.85 1.64 
Car 0 0 -1.57 321.0 270.0 334.0 284.0 1.8 1.74 5.27 13.25 1.57 138.3 -1.47 
PEDESTRIAN 0 0 1.99 0 277.0 0 369.0 2.0 0.76 0.76 -8.05 1.25 21.64 1.64 
PEDESTRIAN 0 0 1.49 437.0 260.0 451.0 294.0 2.0 0.75 0.87 12.5 0.69 58.02 1.7 
PEDESTRIAN 0 0 1.54 423.0 261.0 437.0 295.0 1.97 0.76 0.65 11.69 0.73 58.11 1.74 
PEDESTRIAN 0 0 -1.64 392.0 266.0 402.0 292.0 1.85 0.64 0.65 11.38 0.91 68.05 -1.47 
PEDESTRIAN 0 0 1.51 391.0 264.0 407.0 294.0 1.95 0.94 1.02 10.85 0.88 64.07 1.67 
PEDESTRIAN 0 0 1.42 421.0 262.0 433.0 290.0 2.0 0.71 0.65 13.99 0.74 70.74 1.61 
PEDESTRIAN 0 0 1.44 418.0 264.0 430.0 289.0 1.86 0.73 0.84 14.15 0.82 72.77 1.63 
PEDESTRIAN 0 0 -1.69 408.0 265.0 421.0 290.0 1.83 0.81 0.95 13.48 0.88 72.87 -1.51 
PEDESTRIAN 0 0 1.9 0 283.0 0 359.0 1.86 0.6 0.65 -6.56 1.36 24.18 1.63 
PEDESTRIAN 0 0 1.42 415.0 265.0 429.0 289.0 1.84 0.88 1.05 14.33 0.84 74.41 1.61 
PEDESTRIAN 0 0 1.44 406.0 264.0 420.0 289.0 1.87 1.0 0.93 13.88 0.84 75.69 1.62 
PEDESTRIAN 0 0 1.47 402.0 265.0 413.0 287.0 1.87 0.77 1.05 14.59 0.85 82.1 1.65 
PEDESTRIAN 0 0 1.45 401.0 264.0 409.0 286.0 1.94 0.6 1.05 14.87 0.78 84.81 1.63 
PEDESTRIAN 0 0 -0.11 394.0 267.0 408.0 286.0 1.68 1.0 1.05 14.87 0.94 86.95 0.06 
PEDESTRIAN 0 0 -1.71 398.0 264.0 408.0 285.0 1.9 0.71 1.05 15.5 0.83 89.53 -1.53 
PEDESTRIAN 0 0 -3.18 329.0 267.0 340.0 286.0 2.0 1.0 1.05 10.83 1.18 105.44 -3.08 
PEDESTRIAN 0 0 -0.05 336.0 268.0 347.0 286.0 2.0 1.0 1.05 11.75 1.21 106.81 0.06 
PEDESTRIAN 0 0 2.51 0 321.0 0 513 1.69 0.6 0.65 -9.28 1.3 7.72 1.63 
PEDESTRIAN 0 0 -1.82 549.0 261.0 568.0 306.0 1.94 0.6 0.65 14.02 0.77 42.14 -1.5 
Car 0 0 -2.4 615 278.0 615 513 1.66 1.74 4.08 4.45 0.91 3.75 -1.53 
Car 0 0 -1.98 568.0 276.0 615 506.0 1.6 1.74 4.08 4.58 0.93 9.06 -1.51 
Car 0 0 -1.83 477.0 280.0 615 407.0 1.51 1.75 4.08 4.76 0.99 14.04 -1.5 
Car 0 0 -1.77 428.0 267.0 556.0 362.0 1.8 1.8 4.08 5.28 0.93 20.49 -1.51 
Car 0 0 -1.74 406.0 274.0 495.0 335.0 1.56 1.74 4.08 5.97 1.02 27.38 -1.53 
PEDESTRIAN 0 0 1.14 615 251.0 615 413.0 1.73 0.6 0.65 6.7 0.71 10.77 1.69 
PEDESTRIAN 0 0 -1.32 37.0 276.0 57.0 326.0 1.92 0.61 0.65 -7.35 1.38 38.18 -1.51 
PEDESTRIAN 0 0 -1.36 50.0 277.0 69.0 326.0 1.93 0.6 0.65 -6.9 1.39 38.48 -1.54 
PEDESTRIAN 0 0 2.31 0 304.0 0 445.0 1.73 0.6 0.65 -9.7 1.37 12.46 1.64 
PEDESTRIAN 0 0 -2.51 0 298.0 0 422.0 1.76 0.6 0.65 -8.62 1.37 14.33 -3.06 
Car 0 0 2.67 0 327.0 0 513 1.66 1.76 4.46 -6.19 1.21 3.86 1.66 
Car 0 0 2.12 0 283.0 0 513 1.8 1.94 4.76 -5.37 1.14 10.17 1.63 
Car 0 0 1.89 0 296.0 18.0 409.0 1.5 1.74 4.12 -5.01 1.34 16.28 1.6 
Car 0 0 1.84 0 291.0 66.0 371.0 1.55 1.74 4.08 -5.14 1.4 22.18 1.61 
Car 0 0 1.82 26.0 278.0 121.0 347.0 1.8 1.74 4.08 -4.56 1.28 28.22 1.66 
Car 0 0 1.76 95.0 278.0 161.0 327.0 1.71 1.74 4.08 -4.01 1.34 37.15 1.66 
Car 0 0 1.66 183.0 271.0 247.0 320.0 1.69 2.03 4.11 -0.66 1.06 36.64 1.64 
Car 0 0 1.71 70.0 283.0 211.0 379.0 1.44 1.91 4.53 -1.57 1.09 17.89 1.62 
Car 0 0 -1.6 290.0 271.0 370.0 332.0 1.62 2.15 4.08 2.72 0.97 28.52 -1.51 
Car 0 0 1.61 232.0 269.0 272.0 301.0 1.8 2.16 4.29 1.07 1.08 56.4 1.63 
PEDESTRIAN 0 0 -0.82 0 306.0 0 446.0 1.7 0.6 0.65 -10.35 1.38 12.42 -1.52 
PEDESTRIAN 0 0 -1.99 615 245.0 615 353.0 1.82 0.63 0.65 8.97 0.57 16.7 -1.49 
PEDESTRIAN 0 0 -1.96 615 248.0 615 350.0 1.88 0.6 0.65 9.0 0.61 18.33 -1.5 
PEDESTRIAN 0 0 -1.8 526.0 257.0 554.0 325.0 1.88 0.6 0.65 8.62 0.7 27.51 -1.5 
PEDESTRIAN 0 0 -1.75 518.0 260.0 543.0 322.0 1.82 0.6 0.65 8.72 0.73 28.67 -1.46 
Car 0 0 -1.62 205.0 250.0 576.0 513 1.74 2.3 4.08 1.15 0.79 8.19 -1.48 
PEDESTRIAN 0 0 -1.53 228.0 264.0 352.0 484.0 1.69 0.94 0.9 0.47 0.83 7.97 -1.47 
PEDESTRIAN 0 0 1.31 552.0 250.0 584.0 323.0 2.0 0.69 0.65 9.29 0.56 27.11 1.64 
PEDESTRIAN 0 0 1.26 581.0 266.0 611.0 321.0 1.52 0.6 0.65 10.0 0.76 26.91 1.62 
PEDESTRIAN 0 0 1.33 545.0 268.0 572.0 319.0 1.5 0.6 0.65 9.62 0.82 28.89 1.65 
PEDESTRIAN 0 0 -0.24 567.0 258.0 592.0 313.0 1.86 0.6 0.65 11.88 0.68 33.52 0.1 
PEDESTRIAN 0 0 -0.14 544.0 265.0 567.0 315.0 1.67 0.6 0.65 10.88 0.8 32.98 0.18 
PEDESTRIAN 0 0 -0.06 545.0 266.0 562.0 306.0 1.8 0.6 0.66 14.33 0.9 43.74 0.25 
PEDESTRIAN 0 0 -1.47 152.0 270.0 172.0 308.0 2.0 0.96 0.79 -3.88 1.25 52.37 -1.55 
PEDESTRIAN 0 0 1.3 559.0 267.0 585.0 317.0 1.5 0.6 0.65 10.26 0.8 29.61 1.64 
PEDESTRIAN 0 0 1.34 540.0 265.0 566.0 317.0 1.59 0.62 0.65 9.81 0.78 29.97 1.65 
