PEDESTRIAN 0 0 -2.38 0 296.0 0 494.0 1.91 0.6 0.65 -7.82 1.26 9.78 -3.06 
PEDESTRIAN 0 0 -2.42 0 315.0 0 469.0 1.66 0.6 0.65 -8.02 1.41 11.06 -3.05 
PEDESTRIAN 0 0 -2.39 0 291.0 0 475.0 1.92 0.6 0.65 -8.65 1.25 10.53 -3.08 
PEDESTRIAN 0 0 -1.8 0 298.0 0 460.0 1.8 0.6 0.65 -10.13 1.29 11.4 -2.53 
PEDESTRIAN 0 0 2.47 0 315.0 0 501.0 1.7 0.6 0.65 -10.35 1.34 9.4 1.64 
PEDESTRIAN 0 0 2.48 0 301.0 0 502.0 1.82 0.6 0.65 -9.67 1.25 9.26 1.67 
PEDESTRIAN 0 0 2.54 0 309.0 0 513 1.78 0.6 0.65 -9.91 1.28 8.35 1.67 
PEDESTRIAN 0 0 1.38 431.0 265.0 449.0 300.0 1.88 0.77 0.65 10.91 0.88 51.72 1.58 
PEDESTRIAN 0 0 1.54 507.0 267.0 524.0 305.0 1.76 0.72 0.75 13.04 0.92 45.11 1.82 
PEDESTRIAN 0 0 -1.75 423.0 267.0 438.0 299.0 1.76 0.69 0.65 10.57 0.92 52.45 -1.55 
PEDESTRIAN 0 0 -1.69 472.0 266.0 489.0 304.0 1.87 0.73 0.65 11.98 0.92 47.4 -1.44 
Car 0 0 -1.61 356.0 268.0 392.0 298.0 1.8 2.05 4.08 8.57 1.03 59.99 -1.47 
Car 0 0 1.6 264.0 271.0 289.0 289.0 1.62 2.14 4.08 3.85 1.27 88.1 1.65 
PEDESTRIAN 0 0 0.84 0 317.0 0 453.0 1.59 0.77 0.65 -11.81 1.45 12.1 0.07 
Car 0 0 1.56 287.0 267.0 300.0 283.0 2.16 1.88 5.01 8.58 1.34 141.73 1.62 
Car 0 0 -1.58 295.0 273.0 338.0 310.0 1.49 1.74 4.08 3.49 1.06 41.61 -1.5 
ON_ROAD_OBSTACLE 0 0 1.71 159.0 279.0 194.0 306.0 1.52 1.91 0.77 -3.38 1.57 56.61 1.65 
Car 0 0 -1.61 346.0 268.0 383.0 296.0 1.8 2.3 4.08 8.72 1.08 65.8 -1.48 
Car 0 0 -1.62 348.0 268.0 376.0 295.0 1.8 1.74 4.23 9.14 1.11 69.88 -1.49 
Car 0 0 -1.56 298.0 268.0 319.0 286.0 1.8 2.06 4.08 7.54 1.16 99.29 -1.48 
Car 0 0 -1.55 303.0 270.0 317.0 281.0 1.8 2.3 5.55 13.83 1.78 178.18 -1.47 
Car 0 0 1.58 291.0 271.0 302.0 280.0 1.8 2.3 4.08 13.55 2.1 211.85 1.64 
Car 0 0 -1.57 322.0 270.0 334.0 283.0 1.8 1.74 5.27 13.32 1.51 138.37 -1.47 
PEDESTRIAN 0 0 1.99 0 277.0 0 368.0 2.0 0.76 0.76 -8.07 1.25 21.8 1.64 
PEDESTRIAN 0 0 1.49 437.0 260.0 451.0 294.0 2.0 0.75 0.87 12.52 0.66 58.24 1.7 
PEDESTRIAN 0 0 1.52 422.0 261.0 436.0 294.0 1.97 0.76 0.65 11.68 0.71 58.34 1.72 
PEDESTRIAN 0 0 -1.64 392.0 265.0 403.0 292.0 1.85 0.64 0.65 11.4 0.88 68.06 -1.47 
PEDESTRIAN 0 0 1.51 391.0 264.0 407.0 294.0 1.95 0.94 1.02 10.85 0.85 64.08 1.67 
PEDESTRIAN 0 0 1.41 421.0 262.0 433.0 289.0 2.0 0.71 0.65 14.01 0.7 70.78 1.61 
PEDESTRIAN 0 0 1.44 418.0 264.0 430.0 289.0 1.86 0.73 0.84 14.16 0.78 72.75 1.63 
PEDESTRIAN 0 0 1.88 0 282.0 0 358.0 1.86 0.6 0.65 -6.52 1.34 24.29 1.62 
PEDESTRIAN 0 0 1.41 416.0 264.0 430.0 289.0 1.84 0.88 1.05 14.37 0.8 74.2 1.61 
PEDESTRIAN 0 0 1.44 406.0 264.0 421.0 288.0 1.87 1.0 0.93 13.9 0.8 75.68 1.62 
PEDESTRIAN 0 0 1.47 402.0 264.0 413.0 287.0 1.87 0.77 1.05 14.59 0.81 82.1 1.65 
PEDESTRIAN 0 0 1.45 401.0 263.0 409.0 286.0 1.94 0.6 1.05 14.87 0.74 84.82 1.63 
PEDESTRIAN 0 0 -0.11 394.0 266.0 407.0 285.0 1.68 1.0 1.05 14.86 0.89 86.99 0.06 
PEDESTRIAN 0 0 -1.71 398.0 264.0 408.0 285.0 1.9 0.71 1.05 15.5 0.79 89.48 -1.53 
PEDESTRIAN 0 0 -3.18 330.0 267.0 340.0 286.0 2.0 1.0 1.05 10.89 1.19 105.44 -3.08 
PEDESTRIAN 0 0 -0.05 336.0 267.0 347.0 286.0 2.0 1.0 1.05 11.74 1.16 106.71 0.06 
PEDESTRIAN 0 0 2.5 0 322.0 0 513 1.69 0.6 0.65 -9.34 1.31 7.81 1.63 
Car 0 0 1.64 256.0 269.0 289.0 296.0 1.75 1.91 4.31 2.62 1.08 66.24 1.68 
Car 0 0 -2.4 615 277.0 615 513 1.66 1.74 4.08 4.45 0.9 3.76 -1.53 
Car 0 0 -1.98 569.0 276.0 615 505.0 1.6 1.74 4.08 4.58 0.92 9.06 -1.51 
Car 0 0 -1.83 475.0 279.0 615 406.0 1.51 1.75 4.08 4.75 0.98 14.11 -1.5 
Car 0 0 -1.76 426.0 266.0 553.0 362.0 1.8 1.8 4.08 5.23 0.92 20.48 -1.51 
Car 0 0 -1.74 406.0 273.0 495.0 335.0 1.56 1.74 4.08 6.0 1.01 27.39 -1.53 
PEDESTRIAN 0 0 1.12 615 250.0 615 410.0 1.73 0.6 0.65 6.66 0.7 10.89 1.67 
PEDESTRIAN 0 0 -1.33 40.0 276.0 59.0 326.0 1.92 0.61 0.65 -7.26 1.37 38.26 -1.51 
PEDESTRIAN 0 0 -1.36 52.0 276.0 71.0 326.0 1.93 0.6 0.65 -6.85 1.39 38.47 -1.54 
PEDESTRIAN 0 0 2.29 0 304.0 0 445.0 1.73 0.6 0.65 -9.49 1.37 12.48 1.64 
Car 0 0 2.67 0 328.0 0 513 1.66 1.76 4.46 -6.18 1.22 3.86 1.66 
Car 0 0 2.12 0 284.0 0 513 1.8 1.94 4.76 -5.37 1.14 10.17 1.63 
Car 0 0 1.89 0 296.0 18.0 409.0 1.5 1.74 4.12 -5.0 1.33 16.27 1.6 
Car 0 0 1.84 0 291.0 67.0 371.0 1.55 1.74 4.08 -5.13 1.4 22.23 1.61 
Car 0 0 1.82 27.0 278.0 122.0 347.0 1.8 1.74 4.08 -4.54 1.27 28.21 1.66 
Car 0 0 1.76 94.0 278.0 161.0 327.0 1.71 1.74 4.08 -4.0 1.34 37.05 1.66 
Car 0 0 1.66 185.0 271.0 248.0 318.0 1.69 2.03 4.11 -0.62 1.05 37.42 1.64 
Car 0 0 1.7 82.0 283.0 215.0 373.0 1.44 1.91 4.53 -1.49 1.08 18.6 1.62 
Car 0 0 -1.6 289.0 270.0 371.0 333.0 1.62 2.15 4.08 2.66 0.96 27.85 -1.51 
Car 0 0 1.61 232.0 268.0 273.0 301.0 1.8 2.16 4.29 1.09 1.06 56.5 1.63 
PEDESTRIAN 0 0 -0.83 0 307.0 0 446.0 1.7 0.6 0.65 -10.24 1.39 12.41 -1.52 
PEDESTRIAN 0 0 -1.99 615 244.0 615 354.0 1.82 0.63 0.65 8.92 0.55 16.41 -1.49 
PEDESTRIAN 0 0 -1.96 615 247.0 615 350.0 1.88 0.6 0.65 8.94 0.6 18.08 -1.5 
PEDESTRIAN 0 0 -1.81 529.0 257.0 558.0 324.0 1.88 0.6 0.65 8.68 0.68 27.36 -1.5 
PEDESTRIAN 0 0 -1.75 516.0 259.0 542.0 322.0 1.82 0.6 0.65 8.62 0.72 28.47 -1.46 
Car 0 0 -1.63 210.0 250.0 580.0 513 1.74 2.3 4.08 1.17 0.78 8.19 -1.48 
PEDESTRIAN 0 0 -1.53 227.0 264.0 350.0 480.0 1.69 0.94 0.9 0.47 0.83 8.08 -1.47 
PEDESTRIAN 0 0 1.31 552.0 249.0 584.0 322.0 2.0 0.69 0.65 9.32 0.54 27.2 1.64 
PEDESTRIAN 0 0 1.26 581.0 265.0 611.0 320.0 1.52 0.6 0.65 10.05 0.73 27.11 1.62 
PEDESTRIAN 0 0 -0.24 568.0 258.0 592.0 313.0 1.86 0.6 0.65 11.81 0.66 33.28 0.1 
PEDESTRIAN 0 0 -0.15 559.0 263.0 582.0 314.0 1.67 0.6 0.65 11.21 0.76 32.48 0.18 
PEDESTRIAN 0 0 -0.07 546.0 265.0 563.0 305.0 1.8 0.6 0.66 14.45 0.87 43.97 0.25 
PEDESTRIAN 0 0 -1.47 151.0 270.0 171.0 308.0 2.0 0.96 0.79 -3.93 1.23 52.08 -1.55 
PEDESTRIAN 0 0 1.32 547.0 267.0 573.0 317.0 1.5 0.6 0.65 9.94 0.79 29.74 1.64 
